length of strings
120
240
360
480
600
720
840
960
1080
1200
1320
1440
1560
1680
1800

length of patterns
27
54
78
119
130
149
171
205
258
252
277
306
345
415
389

KMP
1.98571e-06
6.32857e-06
6.15714e-06
2.30429e-05
3.3e-06
5.45714e-06
9.45714e-06
8.54286e-06
3.30714e-05
1.37143e-05
6.92857e-06
1.03143e-05
1.10286e-05
1.97286e-05
0.000301786

Naive
2.78571e-06
1.61429e-06
3.29714e-05
0.000137743
2.60429e-05
3.64857e-05
0.000162729
0.000135686
0.000592771
0.000124143
0.000245971
0.000685371
0.000535886
0.00117757
0.000144029

length of strings
120
240
360
480
600
720
840
960
1080
1200
1320
1440
1560
1680
1800

length of patterns
27
48
74
107
144
169
194
201
259
285
304
296
326
415
424

KMP
2.7e-06
6.47143e-06
2.92857e-06
9.78571e-06
6.2e-06
6.75714e-06
7.15714e-06
0.000337843
1.06143e-05
6.55714e-06
4.08714e-05
1.99286e-05
2.79857e-05
1.03143e-05
1.09714e-05

Naive
1.35714e-06
6.48571e-06
6.87143e-06
0.000351043
0.000152586
0.000217271
0.000183543
6.7e-06
0.000748514
0.000170314
0.0008476
0.000706471
0.000779186
2.15e-05
0.0007735

length of strings
120
240
360
480
600
720
840
960
1080
1200
1320
1440
1560
1680
1800

length of patterns
27
53
90
114
131
169
187
232
246
266
318
333
320
360
360

KMP
2.38571e-06
2.15714e-06
6.87143e-06
1.00571e-05
3.68571e-06
9.32857e-06
1.29429e-05
8.78571e-06
1.01714e-05
1.54429e-05
3.04714e-05
9.12857e-06
9.4e-06
1.47286e-05
6.71429e-06

Naive
3.15714e-06
2.64286e-06
4.51e-05
0.0001069
5.92857e-06
1.27714e-05
0.000965243
0.000526614
9.18429e-05
0.000410257
0.000941471
0.000334243
0.000440329
0.0004026
0.000189271

length of strings
120
240
360
480
600
720
840
960
1080
1200
1320
1440
1560
1680
1800

length of patterns
27
54
76
111
121
145
186
216
245
299
307
324
390
393
371

KMP
3.21429e-06
3.22857e-06
3.98571e-06
8.85714e-06
2.56429e-05
3.75714e-06
1.01857e-05
5.55714e-06
3.12286e-05
1.23429e-05
8.21429e-06
1.48e-05
5.6e-06
1.64286e-05
2.73714e-05

Naive
8.42857e-07
1.72714e-05
3.72286e-05
2.64143e-05
5.61857e-05
0.000114214
0.0001149
5.15286e-05
0.000424529
0.000414429
0.000207014
0.000564886
0.000100857
0.00119009
0.00507081

